016662
016667
016744
016748
016751
016752
016753
016755
016768
016769
016770
016771
016777
016780
016781
016782
016854
016882
016898
016982
016986
017000
019333
019364
020738
021131
021141
021143
021147
022690
022712
022723
023119
023127
023149
023266
023334
023361
023362
023373
023381
023383
023384
023389
023407
023412
023418
023420
023426
023428
023433
023465
023473
023491
023493
023526
023534
023535
023542
023549
023552
023572
023608
025909
025924
025949
025979
026010
026016
026263
026269
026300
026312
026801
026809
026815
026826
026829
026867
026868
026871
026885
026898
026905
026907
026910
026918
026956
026961
026966
026981
026996
027018
027039
027041
027051
027057
027085
027087
027097
027118
027125
027138
027163
027170
027171
027191
027203
027207
027226
027233
027235
027245
027256
027274
027319
027321
027329
027351
027354
027374
027376
027394
027424
027434
027439
027442
027474
027483
027521
027539
027542
027544
027548
027550
027562
027580
027612
027613
027617
027619
027640
027642
027650
027656
027676
027680
027689
027717
027723
027731
027740
027741
027754
027755
027756
027760
027771
027783
027789
027794
027795
028588
028590
028597
028615
028618
028621
028629
028631
028633
028665
028667
028688
028727
028735
028736
028737
028747
028753
028756
028759
028763
028789
028803
028815
028916
028925
029444
029471
029483
029499
029505
029506
029509
029513
029521
029524
029576
029577
029578
029611
029648
029653
029684
029693
029695
029752
029759
029764
029771
029778
029804
029806
029809
029829
029838
029858
029860
029862
029863
029868
029869
029873
029874
029882
029886
029889
031270
031296
031325
031327
031337
031338
031351
031365
031375
031386
031388
031397
031404
031412
031417
031424
031429
031430
031433
031468
031483
031487
031492
031529
031531
031542
031575
031580
031583
031591
031635
031651
031674
031675
031686
031687
031895
031901
031922
031928
031932
031957
031965
031966
031970
031978
031982
032011
032013
032014
032053
032059
032093
032123
032148
032221
032246
032255
032261
032270
032291
032300
032307
032338
032340
032355
032359
032364
032375
032390
032391
032395
032399
032426
032461
032477
032487
032491
032520
032547
032549
032561
032566
032578
032596
032612
044621
044630
044644
044648
044675
044683
044698
044717
044732
044741
044749
044776
044782
044783
044790
044835
044842
044885
044905
044906
044921
045717
045811
045814
045824
045841
045849
045866
045874
045877
045933
045939
048017
048101
048224
048338
048749
048920
049067
049386
049453
049499
049566
049730
049913
050019
050042
050072
050165
050294
050333
050439
050561
050708
051129
051184
051238
051390
051469
051551
051736
051802
051852
051999
052101
052186
052565
052569
052653
053010
053036
053046
053061
053129
053132
053133
053150
053156
053189
053197
053200
053205
053212
053218
053220
053237
053240
053251
053277
053292
053351
053360
053382
053393
053413
053427
053444
053494
053543
053568
053588
053593
053655
053674
053693
053695
053716
053721
053729
053733
053736
053777
053778
053856
053870
053883
053894
053904
053915
053934
053954
054008
054018
054036
054074
054094
054140
054157
054210
054264
054309
054322
054325
054355
054356
054399
054414
054444
054529
054556
054559
054576
054598
054625
054633
054653
054657
054749
054766
054776
054779
054784
054804
054808
054814
054821
054862
054929
054934
055176
055311
055466
055534
055550
055607
055682
055801
055813
055886
055918
055953
055994
056037
056166
056351
056392
056408
056431
056546
056564
056639
056803
056904
056961
056968
056991
057040
057341
058809
058832
058890
058927
058929
058934
058949
059019
059026
059071
059077
059148
059155
059156
059172
059229
059233
059235
059255
059266
059289
059290
059293
059301
059318
059333
059357
059395
059404
059409
059412
059416
059420
059438
059440
059444
059447
059457
059463
059466
059476
059481
059511
059517
059527
059534
059535
059539
059541
059542
059550
059551
059555
059558
059576
059597
059613
059622
059625
059640
059641
059651
059657
059669
059677
059681
059684
059711
059732
059752
059772
059773
059789
059790
059795
059808
059811
059848
059865
059872
059878
059891
059892
059895
059897
059902
059914
059918
059921
059958
059965
059981
059996
061048
061091
061169
061172
061183
061187
061208
061213
061228
061230
061253
061261
061300
061301
061309
061335
061369
061370
061493
061501
061629
061674
061682
061688
061696
061708
061711
061749
061753
061766
061788
061834
061870
061901
061923
061948
061982
062013
062062
062098
062116
062203
062223
062281
062283
062286
062315
062319
062365
062457
062467
062514
062524
062531
062532
062541
062574
062646
062658
062700
062719
062726
062834
062874
062924
062949
063000
063006
063041
063158
063177
063202
063248
063249
063252
063280
063319
063391
063445
063471
063479
063489
063504
063518
063525
063539
063556
063567
063587
063613
063615
063624
063688
063719
063729
063739
063758
063786
063822
063823
063866
063869
063880
063936
063944
063979
064014
064030
064039
064048
064057
064058
064070
064094
064136
064152
064170
064213
066512
066532
066563
066572
066590
066593
066604
066612
066621
066633
066652
066672
066718
066749
066750
066767
066773
066792
066812
066816
066853
066869
066874
066913
066921
066946
066956
066976
066985
066998
067011
067037
067064
067083
067105
067138
067139
067152
067164
067165
067204
067243
067266
067271
067289
067325
067360
067388
067422
067439
067484
067499
067516
067535
067537
067544
067557
067573
067593
067600
067617
067618
067659
067665
067672
067679
067715
067718
067739
067762
067763
067764
068061
068127
068227
068573
068600
068750
068783
069041
069103
069106
069304
069319
069334
069373
069472
069473
069599
069663
069751
069800
069829
069869
069879
069935
069943
069965
069982
070021
070084
070095
070153
070163
070391
070404
070459
070789
070800
070811
070812
070859
070952
070987
070995
