008000
008001
008002
008003
008004
008005
008006
008007
008008
008009
008010
008011
008012
008013
008014
008015
008016
008017
008018
008019
008020
008021
008022
008023
008024
008025
008026
008027
008028
008029
008030
008031
008032
008033
008034
008035
008036
008037
008038
008039
008040
008041
008042
008043
008044
008045
008046
008047
008048
008049
008050
008051
008052
008053
008054
008055
008056
008057
008058
008059
008060
008061
008062
008063
008064
008065
008066
008067
008068
008069
008070
008071
008072
008073
008074
008075
008076
008077
008078
008079
008080
008081
008082
008083
008084
008085
008086
008087
008088
008089
008090
008091
008092
008093
008094
008095
008096
008097
008098
008099
008100
008101
008102
008103
008104
008105
008106
008107
008108
008109
008110
008111
008112
008113
008114
008115
008116
008117
008118
008119
008120
008121
008122
008123
008124
008125
008126
008127
008128
008129
008130
008131
008132
008133
008134
008135
008136
008137
008138
008139
008140
008141
008142
008143
008144
008145
008146
008147
008148
008149
008150
008151
008152
008153
008154
008155
008156
008157
008158
008159
008160
008161
008162
008163
008164
008165
008166
008167
008168
008169
008170
008171
008172
008173
008174
008175
008176
008177
008178
008179
008180
008181
008182
008183
008184
008185
008186
008187
008188
008189
008190
008191
008192
008193
008194
008195
008196
008197
008198
008199
008200
022593
022597
022601
022606
022607
022608
022611
022613
022616
022618
022624
022665
026335
026354
026357
026361
026367
026373
026374
026406
026420
026428
026444
026456
026458
026480
026483
026490
026502
026515
026524
026528
026546
026551
026553
026558
026559
026564
026571
026581
026588
026609
026617
026618
026653
026654
026669
026675
026682
026683
026687
026689
026698
026714
026717
026720
026734
026735
026741
026748
026763
026769
026780
026791
027806
027817
027820
027825
027847
027874
027891
027894
027897
027901
027906
027947
027952
027959
027961
027970
027980
027984
027985
027991
028021
028029
028046
028073
028077
028101
028108
028122
028138
028141
028149
028174
028195
028224
028235
028262
028273
028289
028293
028310
028312
028330
028334
028339
028364
028409
028411
028413
028428
028430
028440
028452
028465
028491
028492
028495
028496
028506
028520
028540
028543
028549
028558
028559
028572
029073
029077
029149
029171
029173
029197
029203
029229
029264
029282
029289
029306
029339
029381
029386
029394
029395
029425
029941
029943
029948
030015
030037
030038
030075
030127
030148
030195
030230
030296
030302
030311
030341
030349
030352
030368
030413
030444
030471
030482
030504
030509
030529
030537
030549
030554
030559
030565
030570
030576
030593
030603
030608
030609
030620
030638
030657
030665
030668
030679
030688
030694
030704
030707
030714
030722
030726
030729
030736
030761
030766
030780
030782
030798
030802
030813
030815
030831
030845
030847
030869
030911
030931
030937
030959
030970
030979
030986
030992
030994
031017
031029
031031
031070
031094
031703
031707
031718
031729
031744
031747
031748
031749
031769
031800
031807
031819
031832
031839
031864
031872
031887
042915
042941
042971
042989
043020
043021
043031
043033
043110
043124
043134
043169
043170
043173
043176
043179
043194
043196
043206
043209
043227
043229
043232
043242
043243
043249
043294
043296
043303
043308
043310
043312
043315
043319
043321
043323
043334
043361
043370
043373
043380
043381
043390
043426
043438
043441
043445
043449
043474
043477
043482
043523
043528
043531
043544
043545
043556
043557
043565
043570
043580
043585
043604
043624
043629
043633
043650
043669
043674
043676
043728
043763
043768
043771
043802
043809
043830
043914
043925
043926
043927
043931
043937
043950
043984
043990
044034
044045
044059
044923
044932
044934
044942
044944
044946
045260
045295
045525
045530
045555
045576
045583
045595
045596
045599
045600
045604
045612
045617
045618
045637
045645
045652
045988
045990
045995
046009
046020
046021
046026
046030
046033
046036
046046
046049
046062
046070
046078
046107
046118
046126
046128
046131
046132
046133
046143
046145
046150
046175
046178
046187
046190
046196
046217
058002
058009
058024
058096
058108
058114
058411
058423
058425
058446
058447
058682
060218
060318
061046
065018
065021
065027
065039
065071
065109
065112
065140
065167
065181
065233
065234
065286
065303
065317
065319
065326
065328
065333
065354
065356
065359
065361
065363
065371
065456
065475
065499
065508
065524
065554
065556
065567
065585
065611
065630
065643
065666
065669
065672
065673
065675
065687
065715
065716
065753
065766
065783
065791
065821
065829
065837
065849
065880
065901
065903
065922
065929
065940
065945
065961
065994
066004
066012
066021
066024
066071
066088
066095
066116
066131
066155
066213
066223
066260
066266
066279
066338
066367
066375
066388
066404
066412
066429
066430
